------------------------------------------------------------------
Random 10x6 matrix, A, below:
     0.455      0.401      0.714      0.299      0.268     0.0838 
     0.601      0.475      0.533      0.711      0.212      0.637 
     0.764      0.121      0.171      0.104      0.263       0.88 
     0.713      0.349      0.679      0.423      0.849      0.178 
     0.677      0.821      0.743      0.649      0.969      0.571 
     0.581     0.0199      0.495     0.0652      0.187      0.564 
     0.762      0.679       0.42      0.284      0.512      0.592 
     0.204      0.318      0.259      0.224      0.185      0.325 
     0.771      0.184     0.0818      0.496      0.157       0.79 
     0.467     0.0316      0.552      0.536      0.622      0.446 
------------------------------------------------------------------
R matix below:
      1.97       1.07       1.39       1.17       1.35       1.66 
         0      0.803      0.405       0.33      0.429      -0.16 
         0          0      0.733      0.216      0.419     -0.305 
         0          0          0      0.583     0.0698      0.164 
         0          0          0          0      0.637     -0.135 
         0          0          0          0          0      0.482 
------------------------------------------------------------------
Hopefully the identity matrix below (QT*Q):
         1  -2.08e-16  -4.58e-16   1.53e-16   2.91e-16  -1.64e-15 
 -2.08e-16          1   5.55e-17   5.55e-17  -2.08e-16   9.71e-17 
 -4.58e-16   5.55e-17          1  -2.78e-17  -8.33e-17   9.71e-17 
  1.53e-16   5.55e-17  -2.78e-17          1          0  -1.39e-17 
  2.91e-16  -2.08e-16  -8.33e-17          0          1  -1.39e-17 
 -1.64e-15   9.71e-17   9.71e-17  -1.39e-17  -1.39e-17          1 
------------------------------------------------------------------
Q*R matrix below
     0.455      0.401      0.714      0.299      0.268     0.0838 
     0.601      0.475      0.533      0.711      0.212      0.637 
     0.764      0.121      0.171      0.104      0.263       0.88 
     0.713      0.349      0.679      0.423      0.849      0.178 
     0.677      0.821      0.743      0.649      0.969      0.571 
     0.581     0.0199      0.495     0.0652      0.187      0.564 
     0.762      0.679       0.42      0.284      0.512      0.592 
     0.204      0.318      0.259      0.224      0.185      0.325 
     0.771      0.184     0.0818      0.496      0.157       0.79 
     0.467     0.0316      0.552      0.536      0.622      0.446 
------------------------------------------------------------------
Random square 6x6 matrix, A, below: 
     0.455      0.401      0.714      0.299      0.268     0.0838 
     0.601      0.475      0.533      0.711      0.212      0.637 
     0.764      0.121      0.171      0.104      0.263       0.88 
     0.713      0.349      0.679      0.423      0.849      0.178 
     0.677      0.821      0.743      0.649      0.969      0.571 
     0.581     0.0199      0.495     0.0652      0.187      0.564 
------------------------------------------------------------------
Random 6 element vector b:
     0.245      0.994      0.708      0.705      0.336      0.487 
------------------------------------------------------------------
Vector x, solving Ax = b:
      1.28       -1.2     -0.379       1.64     -0.224     -0.191 
------------------------------------------------------------------
A * x:
     0.245      0.994      0.708      0.705      0.336      0.487 
------------------------------------------------------------------
det(A) = 3.77289646178545
------------------------------------------------------------------
Inverse A matrix below:
      2.31    -0.0997       2.85       1.38         -2       -3.1 
      2.89      -1.09       1.99      -1.74      0.953      -2.72 
   -0.0369     -0.102      -2.01     -0.623      0.568       2.88 
     -1.85       2.33      -1.25       1.33     -0.827    0.00809 
     -1.83      -0.58     -0.814      0.833      0.973       0.95 
     -1.62      0.155     -0.831      -1.24        1.3       2.21 
------------------------------------------------------------------
A*A⁻¹ below:
         1  -1.44e-16   -2.5e-16   -1.8e-16   2.36e-16  -3.05e-16 
 -4.44e-16          1  -2.22e-16          0  -1.11e-16          0 
 -2.22e-16   1.39e-16          1          0   4.44e-16  -2.22e-16 
 -5.55e-17          0   3.33e-16          1  -2.22e-16   1.11e-16 
 -3.33e-16  -3.61e-16   1.67e-16  -3.33e-16          1   2.22e-16 
 -1.11e-16   2.78e-17   5.55e-17   2.22e-16          0          1 
------------------------------------------------------------------
