-------------------------------------------------------
Random symmetrix matrix, A:
      0.19      0.525      0.549      0.712     0.0201 
     0.525      0.374     0.0509      0.361      0.673 
     0.549     0.0509      0.308      0.126      0.688 
     0.712      0.361      0.126      0.185      0.982 
    0.0201      0.673      0.688      0.982      0.868 
-------------------------------------------------------
Eigenvectors of A:
     0.536     -0.141     0.0842      0.757      0.335 
    -0.257      0.651     -0.566      0.193      0.391 
    -0.373      0.321      0.799     0.0872      0.335 
    -0.534     -0.674     -0.184      0.064      0.472 
     0.471    0.00576     0.0198     -0.615      0.632 
-------------------------------------------------------
Eigenvalues of A:
     -1.13     -0.083      0.318      0.432       2.39 
-------------------------------------------------------
Vectors produced from A*eigenvector (columns are the vectors):
    -0.608     0.0117     0.0268      0.327      0.802 
     0.291     -0.054      -0.18     0.0834      0.935 
     0.423    -0.0266      0.254     0.0376      0.801 
     0.606     0.0559    -0.0585     0.0276       1.13 
    -0.534  -0.000477     0.0063     -0.265       1.51 
-------------------------------------------------------
Vectors produced from eigenvalue*eigenvector (columns are the vectors):
    -0.608     0.0117     0.0268      0.327      0.802 
     0.291     -0.054      -0.18     0.0834      0.935 
     0.423    -0.0266      0.254     0.0376      0.801 
     0.606     0.0559    -0.0585     0.0276       1.13 
    -0.534  -0.000477    0.00629     -0.265       1.51 
-------------------------------------------------------
Diagonalized A:
     -1.13   1.69e-21   9.63e-07  -2.72e-07  -2.87e-09 
  2.22e-18     -0.083   1.56e-06  -5.31e-09    1.7e-13 
  9.63e-07   1.56e-06      0.318          0   8.22e-06 
 -2.72e-07  -5.31e-09  -1.65e-16      0.432   6.53e-06 
 -2.87e-09    1.7e-13   8.22e-06   6.53e-06       2.39 
-------------------------------------------------------
Product VT * A * V:
     -1.13   6.42e-17   9.63e-07  -2.72e-07  -2.87e-09 
  4.79e-17     -0.083   1.56e-06  -5.31e-09    1.7e-13 
  9.63e-07   1.56e-06      0.318   9.11e-17   8.22e-06 
 -2.72e-07  -5.31e-09   5.81e-17      0.432   6.53e-06 
 -2.87e-09    1.7e-13   8.22e-06   6.53e-06       2.39 
-------------------------------------------------------
Product V D VT: 
      0.19      0.525      0.549      0.712     0.0201 
     0.525      0.374     0.0509      0.361      0.673 
     0.549     0.0509      0.308      0.126      0.688 
     0.712      0.361      0.126      0.185      0.982 
    0.0201      0.673      0.688      0.982      0.868 
-------------------------------------------------------
Product VT * V:
         1  -3.34e-17  -9.19e-17          0  -1.11e-16 
 -3.34e-17          1  -2.84e-16    3.9e-18   2.29e-16 
 -9.19e-17  -2.84e-16          1   5.55e-17   4.86e-17 
         0    3.9e-18   5.55e-17          1   1.67e-16 
 -1.11e-16   2.29e-16   4.86e-17   1.67e-16          1 
-------------------------------------------------------
Product V * VT:
         1  -1.67e-16  -4.16e-17  -1.11e-16   2.22e-16 
 -1.67e-16          1   2.78e-17  -1.39e-16   5.55e-17 
 -4.16e-17   2.78e-17          1   1.67e-16  -5.55e-17 
 -1.11e-16  -1.39e-16   1.67e-16          1  -1.11e-16 
  2.22e-16   5.55e-17  -5.55e-17  -1.11e-16          1 
-------------------------------------------------------
