-------------------------------------------------------
Random symmetrix matrix, A:
     0.306      0.258      0.813     0.0315      0.262 
     0.258      0.767      0.165      0.846      0.457 
     0.813      0.165      0.134      0.442    0.00224 
    0.0315      0.846      0.442      0.618      0.757 
     0.262      0.457    0.00224      0.757      0.105 
-------------------------------------------------------
Eigenvectors of A:
     0.512      0.403      0.109       -0.7      0.273 
    -0.138    0.00833      0.764      0.249      0.578 
    -0.584     -0.453     -0.125     -0.595      0.289 
     0.451     -0.412     -0.451      0.256      0.599 
    -0.418       0.68      -0.43       0.17      0.386 
-------------------------------------------------------
Eigenvalues of A:
    -0.878     -0.193     0.0208       0.83       2.15 
-------------------------------------------------------
Vectors produced from A*eigenvector (columns are the vectors):
    -0.449    -0.0778    0.00226     -0.581      0.588 
     0.121   -0.00161     0.0159      0.207       1.24 
     0.513     0.0875    -0.0026     -0.494      0.622 
    -0.396     0.0795   -0.00936      0.213       1.29 
     0.367     -0.131   -0.00893      0.141       0.83 
-------------------------------------------------------
Vectors produced from eigenvalue*eigenvector (columns are the vectors):
    -0.449    -0.0778    0.00226     -0.581      0.588 
     0.121   -0.00161     0.0159      0.207       1.24 
     0.513     0.0875    -0.0026     -0.494      0.622 
    -0.396     0.0795   -0.00936      0.213       1.29 
     0.367     -0.131   -0.00893      0.141       0.83 
-------------------------------------------------------
Diagonalized A:
    -0.878  -2.25e-06  -1.17e-08   -1.8e-10          0 
 -2.25e-06     -0.193  -3.42e-10          0  -6.15e-06 
 -1.17e-08  -3.42e-10     0.0208   4.28e-06  -2.27e-07 
  -1.8e-10   4.47e-17   4.28e-06       0.83   4.91e-09 
  4.86e-17  -6.15e-06  -2.27e-07   4.91e-09       2.15 
-------------------------------------------------------
Product VT * A * V:
    -0.878  -2.25e-06  -1.17e-08   -1.8e-10          0 
 -2.25e-06     -0.193  -3.42e-10   1.01e-16  -6.15e-06 
 -1.17e-08  -3.42e-10     0.0208   4.28e-06  -2.27e-07 
  -1.8e-10   1.39e-16   4.28e-06       0.83   4.91e-09 
  1.67e-16  -6.15e-06  -2.27e-07   4.91e-09       2.15 
-------------------------------------------------------
Product V D VT: 
     0.306      0.258      0.813     0.0315      0.262 
     0.258      0.767      0.165      0.846      0.457 
     0.813      0.165      0.134      0.442    0.00224 
    0.0315      0.846      0.442      0.618      0.757 
     0.262      0.457    0.00224      0.757      0.105 
-------------------------------------------------------
Product VT * V:
         1   5.55e-17   3.05e-16  -3.33e-16   5.55e-17 
  5.55e-17          1  -2.22e-16  -6.94e-17          0 
  3.05e-16  -2.22e-16          1  -2.08e-16  -3.33e-16 
 -3.33e-16  -6.94e-17  -2.08e-16          1  -3.75e-16 
  5.55e-17          0  -3.33e-16  -3.75e-16          1 
-------------------------------------------------------
Product V * VT:
         1   1.39e-16   4.16e-17   1.94e-16  -1.11e-16 
  1.39e-16          1   1.11e-16   5.55e-17  -2.22e-16 
  4.16e-17   1.11e-16          1   2.22e-16   2.08e-16 
  1.94e-16   5.55e-17   2.22e-16          1   1.67e-16 
 -1.11e-16  -2.22e-16   2.08e-16   1.67e-16          1 
-------------------------------------------------------
