-------------------------------------------------------
Random symmetrix matrix, A:
      0.41      0.217      0.332     0.0666       0.35 
     0.217      0.357      0.964      0.437      0.381 
     0.332      0.964      0.862      0.446      0.217 
    0.0666      0.437      0.446       0.92      0.343 
      0.35      0.381      0.217      0.343      0.116 
-------------------------------------------------------
Eigenvectors of A:
    -0.174      0.455     -0.734     -0.406      0.244 
    -0.732     -0.355      0.217     -0.166      0.513 
     0.518      0.241       0.42     -0.338      0.619 
    -0.028      0.262     -0.135      0.833      0.468 
     0.406     -0.735      -0.47     0.0152      0.273 
-------------------------------------------------------
Eigenvalues of A:
    -0.468     -0.109      0.392      0.626       2.22 
-------------------------------------------------------
Vectors produced from A*eigenvector (columns are the vectors):
    0.0817    -0.0497     -0.288     -0.254      0.544 
     0.343     0.0388      0.085     -0.104       1.14 
    -0.242    -0.0263      0.165     -0.212       1.38 
    0.0131    -0.0287    -0.0531      0.521       1.04 
     -0.19     0.0803     -0.184    0.00952      0.607 
-------------------------------------------------------
Vectors produced from eigenvalue*eigenvector (columns are the vectors):
    0.0817    -0.0497     -0.288     -0.254      0.544 
     0.343     0.0388      0.085     -0.104       1.14 
    -0.242    -0.0264      0.165     -0.212       1.38 
    0.0131    -0.0287    -0.0531      0.521       1.04 
     -0.19     0.0803     -0.184    0.00952      0.607 
-------------------------------------------------------
Diagonalized A:
    -0.468   6.42e-08  -5.28e-11   3.13e-12   1.56e-05 
  6.42e-08     -0.109   9.54e-12          0   2.57e-07 
 -5.28e-11   9.54e-12      0.392  -1.96e-07   2.79e-09 
  3.13e-12  -5.96e-17  -1.96e-07      0.626  -9.18e-10 
  1.56e-05   2.57e-07   2.79e-09  -9.18e-10       2.22 
-------------------------------------------------------
Product VT * A * V:
    -0.468   6.42e-08  -5.28e-11   3.13e-12   1.56e-05 
  6.42e-08     -0.109   9.54e-12  -4.84e-17   2.57e-07 
 -5.28e-11   9.54e-12      0.392  -1.96e-07   2.79e-09 
  3.13e-12   -7.2e-17  -1.96e-07      0.626  -9.18e-10 
  1.56e-05   2.57e-07   2.79e-09  -9.18e-10       2.22 
-------------------------------------------------------
Product V D VT: 
      0.41      0.217      0.332     0.0666       0.35 
     0.217      0.357      0.964      0.437      0.381 
     0.332      0.964      0.862      0.446      0.217 
    0.0666      0.437      0.446       0.92      0.343 
      0.35      0.381      0.217      0.343      0.116 
-------------------------------------------------------
Product VT * V:
         1   5.55e-17  -8.33e-17  -2.69e-17   1.39e-17 
  5.55e-17          1   2.78e-16  -5.03e-17  -8.33e-17 
 -8.33e-17   2.78e-16          1  -3.13e-16   2.22e-16 
 -2.69e-17  -5.03e-17  -3.13e-16          1  -1.26e-16 
  1.39e-17  -8.33e-17   2.22e-16  -1.26e-16          1 
-------------------------------------------------------
Product V * VT:
         1   2.78e-17  -2.78e-17   1.39e-17  -2.91e-16 
  2.78e-17          1  -3.33e-16  -1.39e-16  -1.67e-16 
 -2.78e-17  -3.33e-16          1  -1.67e-16  -2.78e-17 
  1.39e-17  -1.39e-16  -1.67e-16          1  -5.55e-17 
 -2.91e-16  -1.67e-16  -2.78e-17  -5.55e-17          1 
-------------------------------------------------------
