-------------------------------------------------------
Random symmetrix matrix, A:
     0.249      0.111      0.772      0.354     0.0286 
     0.111      0.467      0.658      0.944      0.248 
     0.772      0.658      0.433      0.101       0.32 
     0.354      0.944      0.101      0.642       0.99 
    0.0286      0.248       0.32       0.99      0.682 
-------------------------------------------------------
Eigenvectors of A:
     0.399     -0.606      0.341       0.54      0.255 
     0.474      0.197     -0.706     0.0893      0.481 
    -0.473      0.481      0.143      0.626      0.364 
    -0.533     -0.483     -0.135     -0.343      0.589 
      0.33      0.359      0.589     -0.436      0.474 
-------------------------------------------------------
Eigenvalues of A:
    -0.985     -0.134      0.253      0.914       2.42 
-------------------------------------------------------
Vectors produced from A*eigenvector (columns are the vectors):
    -0.393     0.0811     0.0864      0.494      0.619 
    -0.467    -0.0263     -0.179     0.0816       1.17 
     0.466    -0.0643     0.0362      0.572      0.882 
     0.525     0.0647    -0.0341     -0.313       1.43 
    -0.325    -0.0481      0.149     -0.399       1.15 
-------------------------------------------------------
Vectors produced from eigenvalue*eigenvector (columns are the vectors):
    -0.393     0.0811     0.0864      0.494      0.619 
    -0.467    -0.0263     -0.179     0.0816       1.17 
     0.466    -0.0643     0.0362      0.572      0.882 
     0.525     0.0647    -0.0341     -0.313       1.43 
    -0.325    -0.0481      0.149     -0.399       1.15 
-------------------------------------------------------
Diagonalized A:
    -0.985  -2.57e-07   8.17e-10  -1.27e-11  -1.94e-05 
 -2.57e-07     -0.134    9.2e-12  -6.78e-21  -4.67e-08 
  8.17e-10    9.2e-12      0.253  -1.86e-07   4.21e-09 
 -1.27e-11  -8.78e-17  -1.86e-07      0.914   1.18e-09 
 -1.94e-05  -4.67e-08   4.21e-09   1.18e-09       2.42 
-------------------------------------------------------
Product VT * A * V:
    -0.985  -2.57e-07   8.17e-10  -1.27e-11  -1.94e-05 
 -2.57e-07     -0.134    9.2e-12  -1.39e-16  -4.67e-08 
  8.17e-10    9.2e-12      0.253  -1.86e-07   4.21e-09 
 -1.27e-11  -1.94e-16  -1.86e-07      0.914   1.18e-09 
 -1.94e-05  -4.67e-08   4.21e-09   1.18e-09       2.42 
-------------------------------------------------------
Product V D VT: 
     0.249      0.111      0.772      0.354     0.0286 
     0.111      0.467      0.658      0.944      0.248 
     0.772      0.658      0.433      0.101       0.32 
     0.354      0.944      0.101      0.642       0.99 
    0.0286      0.248       0.32       0.99      0.682 
-------------------------------------------------------
Product VT * V:
         1  -2.08e-16  -5.55e-17  -3.61e-16   1.67e-16 
 -2.08e-16          1   1.94e-16   1.94e-16   3.89e-16 
 -5.55e-17   1.94e-16          1          0   1.67e-16 
 -3.61e-16   1.94e-16          0          1   1.67e-16 
  1.67e-16   3.89e-16   1.67e-16   1.67e-16          1 
-------------------------------------------------------
Product V * VT:
         1   1.39e-16  -2.22e-16  -2.78e-17  -2.78e-17 
  1.39e-16          1  -2.78e-17  -1.11e-16   1.67e-16 
 -2.22e-16  -2.78e-17          1  -1.39e-16   8.33e-17 
 -2.78e-17  -1.11e-16  -1.39e-16          1  -1.11e-16 
 -2.78e-17   1.67e-16   8.33e-17  -1.11e-16          1 
-------------------------------------------------------
